'25
一月
1  07:50 119  13:09 39S 18:31 243  0.03  15  38  380085  5.855  -5.364  348.2  270.6  
2  08:36 115  14:03 43S 19:35 248  0.07  15  49  377168  4.947  -4.947  344.1  259.3  
3  09:18 109  14:55 48S 20:38 254  0.14  15  58  374795  3.745  -4.355  341.0  252.7  
4  09:55 102  15:44 55S 21:40 261  0.23  16  7  372952  2.311  -3.624  339.0  248.8  
5  10:30 95  16:32 61S 22:40 269  0.33  16  14  371600  0.728  -2.774  338.1  246.8  
6  11:03 88  17:19 69S 23:41 276  0.44  16  19  370697  -0.908  -1.820  338.3  246.7  
7  11:38 80  18:07 75S   0.55  16  23  370231  -2.493  -0.767  339.6  248.4  
8  12:15 73  18:57 82S 00:43 284  0.67  16  24  370234  -3.924  0.372  342.0  251.9  
9  12:56 67  19:52 87S 01:47 290  0.77  16  23  370775  -5.106  1.567  345.7  257.3  
10  13:43 62  20:50 89N 02:54 296  0.86  16  20  371945  -5.960  2.768  350.5  264.6  
11  14:36 59  21:50 87N 04:01 300  0.93  16  14  373825  -6.432  3.900  356.2  274.2  
12  15:36 58  22:52 87N 05:06 302  0.98  16  5  376449  -6.501  4.874  2.1  287.6  
13  16:39 60  23:51 88N 06:06 301  1.00  15  54  379777  -6.180  5.599  7.8  323.4  
14  17:43 63    06:59 299  0.99  15  41  383678  -5.510  5.999  12.6  75.3  
15  18:45 68  00:47 88S 07:45 294  0.97  15  28  387935  -4.556  6.027  16.4  98.0  
16  19:43 74  01:37 84S 08:23 289  0.93  15  14  392261  -3.389  5.667  19.2  106.3  
17  20:38 80  02:23 78S 08:57 283  0.87  15  2  396334  -2.085  4.941  20.9  110.7  
18  21:30 86  03:06 72S 09:28 277  0.79  14  51  399830  -0.713  3.896  21.8  112.9  
19  22:21 93  03:46 66S 09:56 270  0.71  14  43  402454  0.668  2.603  21.8  113.6  
20  23:12 99  04:26 60S 10:24 264  0.62  14  38  403975  2.004  1.149  21.1  113.0  
21    05:05 55S 10:53 258  0.53  14  36  404240  3.249  -0.374  19.7  111.2  
22  00:03 105  05:46 49S 11:24 252  0.44  14  36  403194  4.362  -1.869  17.5  108.2  
23  00:56 111  06:29 44S 11:58 247  0.35  14  40  400881  5.301  -3.241  14.4  104.0  
24  01:52 116  07:16 40S 12:36 243  0.26  14  47  397454  6.024  -4.405  10.5  98.6  
25  02:49 119  08:06 37S 13:21 240  0.18  14  57  393158  6.489  -5.288  5.8  92.0  
26  03:48 121  09:01 36S 14:13 238  0.11  15  9  388320  6.656  -5.839  0.5  84.1  
27  04:45 122  09:58 36S 15:11 239  0.05  15  22  383317  6.493  -6.028  355.0  74.8  
28  05:39 120  10:56 38S 16:14 241  0.02  15  35  378542  5.978  -5.859  349.9  61.3  
29  06:29 117  11:52 41S 17:20 245  0.00  15  48  374357  5.112  -5.361  345.4  0.8  
30  07:13 111  12:46 46S 18:25 251  0.01  16  0  371050  3.925  -4.588  341.9  264.6  
31  07:53 105  13:38 52S 19:29 258  0.05  16  10  368796  2.477  -3.609  339.5  252.1 

二月
1  08:29 98  14:27 59S 20:32 266  0.11  16  17  367644  0.856  -2.497  338.3  247.5  
2  09:04 90  15:16 66S 21:34 274  0.19  16  21  367525  -0.830  -1.316  338.2  246.1  
3  09:39 82  16:04 74S 22:37 282  0.29  16  22  368290  -2.467  -0.121  339.1  246.8  
4  10:15 75  16:54 80S 23:41 289  0.40  16  22  369747  -3.946  1.048  341.3  249.4  
5  10:55 68  17:47 86S   0.52  16  19  371710  -5.171  2.156  344.6  253.7  
6  11:40 63  18:44 90N 00:46 295  0.63  16  14  374031  -6.071  3.172  349.1  259.6  
7  12:30 60  19:43 87N 01:53 299  0.73  16  8  376616  -6.597  4.066  354.4  266.8  
8  13:27 58  20:43 86N 02:57 301  0.83  16  0  379415  -6.730  4.799  0.3  274.8  
9  14:28 59  21:42 88N 03:58 302  0.90  15  52  382415  -6.477  5.332  6.0  283.1  
10  15:30 61  22:38 90S 04:52 300  0.96  15  42  385601  -5.868  5.626  11.1  291.8  
11  16:32 66  23:29 86S 05:40 296  0.99  15  32  388941  -4.957  5.649  15.2  303.7  
12  17:31 71    06:20 291  1.00  15  21  392358  -3.807  5.381  18.3  17.3  
13  18:27 77  00:16 80S 06:55 286  0.99  15  11  395725  -2.493  4.820  20.4  102.4  
14  19:21 84  01:00 75S 07:27 279  0.96  15  1  398863  -1.086  3.981  21.5  111.1  
15  20:12 90  01:41 69S 07:56 273  0.92  14  52  401558  0.345  2.897  21.9  113.8  
16  21:03 97  02:21 63S 08:24 266  0.86  14  45  403581  1.739  1.618  21.4  114.3  
17  21:54 103  03:01 57S 08:53 260  0.78  14  40  404711  3.043  0.206  20.2  113.3  
18  22:47 109  03:41 51S 09:22 254  0.70  14  37  404762  4.211  -1.264  18.3  110.9  
19  23:41 114  04:23 46S 09:55 249  0.61  14  38  403609  5.203  -2.715  15.5  107.4  
20    05:08 42S 10:31 244  0.52  14  41  401206  5.981  -4.061  11.9  102.8  
21  00:37 118  05:56 38S 11:13 241  0.42  14  48  397605  6.510  -5.220  7.5  97.2  
22  01:34 121  06:48 36S 12:00 238  0.33  14  58  392965  6.755  -6.114  2.4  90.7  
23  02:31 122  07:43 35S 12:55 238  0.24  15  10  387555  6.686  -6.677  357.1  83.8  
24  03:26 121  08:40 36S 13:55 239  0.16  15  24  381743  6.277  -6.861  351.9  76.8  
25  04:17 119  09:36 39S 14:59 243  0.09  15  39  375973  5.519  -6.641  347.1  70.0  
26  05:04 114  10:32 43S 16:05 248  0.04  15  54  370723  4.420  -6.022  343.2  63.5  
27  05:46 108  11:25 49S 17:10 255  0.01  16  8  366442  3.022  -5.042  340.4  53.2  
28  06:24 101  12:16 56S 18:15 262  0.00  16  19  363492  1.400  -3.767  338.7  257.7 

三月
1  07:00 93  13:06 63S 19:19 271  0.03  16  27  362083  -0.340  -2.289  338.1  245.6  
2  07:36 85  13:56 71S 20:24 279  0.08  16  31  362246  -2.070  -0.711  338.7  244.7  
3  08:13 78  14:48 78S 21:30 286  0.16  16  31  363841  -3.662  0.864  340.5  246.5  
4  08:53 70  15:41 84S 22:37 293  0.26  16  27  366594  -5.002  2.341  343.5  250.2  
5  09:37 65  16:38 89S 23:45 298  0.36  16  20  370166  -6.005  3.643  347.7  255.6  
6  10:26 60  17:37 88N   0.48  16  12  374212  -6.620  4.711  352.9  262.3  
7  11:22 58  18:37 86N 00:51 301  0.59  16  2  378438  -6.830  5.509  358.7  269.7  
8  12:21 58  19:37 87N 01:54 302  0.69  15  52  382619  -6.647  6.019  4.5  277.0  
9  13:23 60  20:33 89N 02:49 301  0.79  15  42  386609  -6.104  6.237  9.7  283.8  
10  14:25 64  21:25 87S 03:38 298  0.87  15  33  390331  -5.250  6.170  14.1  289.5  
11  15:24 69  22:13 82S 04:20 293  0.93  15  23  393750  -4.145  5.834  17.5  294.1  
12  16:20 75  22:57 77S 04:56 288  0.97  15  14  396848  -2.856  5.249  19.8  297.6  
13  17:14 81  23:39 71S 05:28 282  1.00  15  5  399602  -1.452  4.438  21.3  300.9  
14  18:06 88    05:58 275  1.00  14  57  401965  -0.001  3.432  21.9  112.9  
15  18:56 95  00:19 65S 06:26 269  0.99  14  51  403854  1.432  2.263  21.7  117.4  
16  19:47 101  00:58 59S 06:54 262  0.95  14  45  405158  2.788  0.968  20.7  116.7  
17  20:39 107  01:38 53S 07:23 256  0.91  14  41  405737  4.015  -0.407  19.0  114.5  
18  21:33 112  02:19 48S 07:55 251  0.84  14  39  405450  5.068  -1.813  16.4  111.1  
19  22:28 117  03:03 43S 08:29 246  0.77  14  40  404166  5.908  -3.193  13.0  106.7  
20  23:24 120  03:49 40S 09:08 242  0.68  14  43  401797  6.502  -4.487  8.9  101.4  
21    04:39 37S 09:53 239  0.59  14  48  398316  6.823  -5.627  4.1  95.2  
22  00:20 122  05:32 36S 10:43 238  0.50  14  57  393785  6.845  -6.544  358.9  88.7  
23  01:15 122  06:27 36S 11:40 239  0.40  15  8  388366  6.548  -7.173  353.7  82.1  
24  02:06 120  07:22 38S 12:40 241  0.30  15  22  382338  5.921  -7.453  348.8  76.0  
25  02:54 117  08:17 41S 13:44 245  0.21  15  37  376090  4.965  -7.335  344.7  70.8  
26  03:37 112  09:10 46S 14:48 251  0.12  15  53  370096  3.701  -6.794  341.5  66.9  
27  04:16 105  10:01 52S 15:53 258  0.06  16  9  364876  2.178  -5.832  339.3  64.7  
28  04:53 98  10:52 59S 16:57 266  0.02  16  22  360925  0.479  -4.486  338.2  65.3  
29  05:29 90  11:42 67S 18:02 275  0.00  16  32  358629  -1.282  -2.835  338.3  140.2  
30  06:06 81  12:34 74S 19:09 283  0.02  16  37  358199  -2.970  -0.990  339.6  238.9  
31  06:45 74  13:28 81S 20:18 290  0.06  16  38  359624  -4.449  0.910  342.2  244.5 

四月
1  07:29 67  14:25 87S 21:29 296  0.13  16  33  362686  -5.606  2.718  346.1  250.4  
2  08:18 62  15:26 89N 22:39 300  0.22  16  25  367009  -6.365  4.305  351.1  257.3  
3  09:13 59  16:28 87N 23:45 302  0.32  16  15  372140  -6.696  5.567  356.9  264.9  
4  10:14 58  17:30 87N   0.43  16  3  377626  -6.608  6.444  2.9  272.5  
5  11:16 60  18:28 88N 00:45 301  0.54  15  50  383074  -6.140  6.917  8.4  279.4  
6  12:19 63  19:22 88S 01:36 299  0.65  15  38  388184  -5.348  7.000  13.0  285.2  
7  13:19 67  20:11 84S 02:20 295  0.74  15  27  392754  -4.295  6.729  16.7  289.7  
8  14:15 73  20:56 79S 02:58 290  0.83  15  18  396676  -3.049  6.157  19.3  292.7  
9  15:09 79  21:38 73S 03:31 284  0.89  15  9  399909  -1.676  5.339  20.9  294.2  
10  16:01 86  22:18 67S 04:01 277  0.95  15  1  402459  -0.242  4.331  21.8  293.8  
11  16:52 92  22:57 61S 04:29 271  0.98  14  55  404351  1.192  3.182  21.8  290.2  
12  17:43 99  23:37 55S 04:57 265  1.00  14  50  405606  2.566  1.939  21.1  270.5  
13  18:34 105    05:26 258  1.00  14  46  406227  3.825  0.639  19.5  136.3  
14  19:27 110  00:17 50S 05:56 252  0.98  14  44  406192  4.920  -0.682  17.2  120.4  
15  20:21 115  01:00 45S 06:30 247  0.94  14  43  405448  5.808  -1.990  14.0  113.2  
16  21:17 119  01:46 41S 07:07 243  0.89  14  43  403931  6.454  -3.252  10.0  106.7  
17  22:13 121  02:35 38S 07:50 240  0.82  14  46  401571  6.829  -4.430  5.4  100.0  
18  23:08 122  03:26 36S 08:38 238  0.74  14  51  398324  6.914  -5.483  0.3  93.2  
19  00:00 121  04:19 36S 09:31 238  0.65  14  58  394190  6.694  -6.361  355.1  86.4  
20    05:13 37S 10:29 240  0.56  15  8  389239  6.164  -7.010  350.2  80.0  
21  00:47 118  06:07 40S 11:30 243  0.45  15  20  383636  5.328  -7.374  345.9  74.5  
22  01:31 114  06:59 44S 12:32 249  0.35  15  33  377652  4.203  -7.396  342.5  70.2  
23  02:10 108  07:49 49S 13:34 255  0.25  15  48  371668  2.824  -7.029  340.0  67.3  
24  02:47 101  08:38 56S 14:36 262  0.16  16  3  366146  1.249  -6.244  338.5  66.1  
25  03:22 94  09:27 63S 15:40 270  0.08  16  17  361591  -0.435  -5.042  338.1  67.0  
26  03:58 86  10:18 70S 16:45 278  0.03  16  29  358474  -2.115  -3.467  338.8  71.9  
27  04:36 78  11:10 78S 17:53 286  0.00  16  36  357150  -3.660  -1.611  340.8  97.0  
28  05:17 70  12:07 84S 19:04 293  0.01  16  38  357783  -4.943  0.387  344.2  230.3  
29  06:05 64  13:07 89S 20:16 298  0.04  16  35  360305  -5.856  2.359  348.9  247.9  
30  06:59 60  14:11 87N 21:27 301  0.10  16  28  364439  -6.340  4.136  354.6  257.9 

五月
1  07:59 58  15:16 86N 22:32 302  0.18  16  18  369747  -6.381  5.574  0.7  266.9  
2  09:03 59  16:18 88N 23:29 300  0.28  16  5  375724  -6.009  6.580  6.5  274.8  
3  10:08 62  17:15 90S   0.38  15  51  381872  -5.285  7.115  11.6  281.5  
4  11:11 66  18:07 85S 00:17 296  0.49  15  38  387757  -4.280  7.193  15.6  286.7  
5  12:10 71  18:54 80S 00:58 291  0.59  15  26  393051  -3.070  6.861  18.6  290.4  
6  13:05 77  19:37 75S 01:33 286  0.69  15  16  397532  -1.727  6.190  20.5  292.6  
7  13:57 84  20:18 69S 02:04 279  0.78  15  7  401084  -0.317  5.259  21.6  293.3  
8  14:48 90  20:57 63S 02:33 273  0.85  15  0  403674  1.100  4.149  21.9  292.6  
9  15:39 97  21:36 57S 03:01 267  0.91  14  55  405336  2.467  2.929  21.4  290.1  
10  16:30 103  22:16 51S 03:29 260  0.96  14  51  406138  3.731  1.662  20.1  284.8  
11  17:22 109  22:59 46S 03:59 254  0.99  14  49  406165  4.842  0.396  17.9  272.7  
12  18:16 114  23:43 42S 04:31 249  1.00  14  48  405497  5.756  -0.832  15.0  214.1  
13  19:11 118    05:07 244  0.99  14  49  404192  6.433  -1.997  11.1  128.9  
14  20:08 121  00:31 39S 05:48 241  0.97  14  50  402286  6.842  -3.080  6.6  110.6  
15  21:03 122  01:22 36S 06:35 239  0.92  14  53  399787  6.962  -4.063  1.5  100.0  
16  21:56 121  02:15 36S 07:27 238  0.86  14  58  396692  6.780  -4.930  356.3  91.5  
17  22:44 119  03:09 36S 08:23 239  0.79  15  4  393001  6.295  -5.656  351.3  84.1  
18  23:28 115  04:02 39S 09:23 242  0.70  15  12  388738  5.518  -6.209  346.9  77.8  
19    04:54 42S 10:23 247  0.60  15  21  383983  4.470  -6.547  343.3  72.8  
20  00:08 110  05:43 47S 11:23 253  0.50  15  32  378886  3.188  -6.622  340.6  69.2  
21  00:44 104  06:31 53S 12:24 259  0.39  15  44  373691  1.723  -6.384  338.9  67.1  
22  01:19 97  07:18 60S 13:24 267  0.29  15  57  368728  0.144  -5.790  338.1  66.5  
23  01:53 89  08:06 67S 14:26 275  0.19  16  9  364400  -1.458  -4.819  338.4  67.8  
24  02:28 81  08:56 74S 15:31 283  0.10  16  19  361131  -2.977  -3.483  339.8  71.4  
25  03:07 74  09:49 81S 16:39 290  0.04  16  27  359307  -4.295  -1.845  342.6  78.8  
26  03:51 67  10:47 87S 17:50 296  0.01  16  31  359193  -5.302  -0.015  346.7  98.1  
27  04:41 62  11:49 89N 19:02 300  0.00  16  30  360878  -5.914  1.852  351.9  216.2  
28  05:39 59  12:55 87N 20:12 302  0.03  16  24  364242  -6.088  3.585  358.0  254.5  
29  06:44 58  14:00 87N 21:14 301  0.08  16  15  368978  -5.829  5.025  4.1  267.6  
30  07:51 60  15:02 89N 22:08 298  0.15  16  4  374645  -5.185  6.058  9.7  276.6  
31  08:56 64  15:58 87S 22:53 293  0.24  15  51  380746  -4.228  6.625  14.2  283.3 

六月
1  09:59 69  16:48 82S 23:31 288  0.3  15  38  386796  -3.041  6.722  17.6  288.1  
2  10:57 75  17:34 77S   0.4  15  25  392373  -1.708  6.392  20.0  291.3  
3  11:51 82  18:16 71S 00:04 281  0.5  15  15  397155  -0.301  5.706  21.4  292.9  
4  12:43 88  18:56 65S 00:34 275  0.6  15  6  400927  1.114  4.752  21.9  293.2  
5  13:34 95  19:35 59S 01:03 269  0.7  15  0  403581  2.480  3.619  21.6  292.2  
6  14:25 101  20:15 53S 01:31 262  0.8  14  56  405102  3.747  2.394  20.6  289.7  
7  15:16 107  20:56 48S 02:00 256  0.9  14  54  405552  4.867  1.152  18.7  285.7  
8  16:10 112  21:40 43S 02:32 251  0.9  14  53  405045  5.798  -0.045  16.0  279.4  
9  17:05 117  22:27 40S 03:07 246  1.0  14  55  403728  6.498  -1.153  12.3  269.3  
10  18:01 120  23:17 37S 03:46 242  1.0  14  57  401753  6.935  -2.142  7.9  246.3  
11  18:58 122    04:31 239  1.0  15  0  399267  7.081  -2.999  2.9  156.0  
12  19:52 122  00:10 36S 05:22 238  1.0  15  4  396387  6.921  -3.719  357.6  107.5  
13  20:42 120  01:04 36S 06:18 239  1.0  15  9  393201  6.453  -4.305  352.5  92.1  
14  21:27 116  01:58 38S 07:17 241  0.9  15  15  389768  5.688  -4.756  347.9  82.6  
15  22:08 112  02:51 41S 08:18 246  0.8  15  21  386130  4.655  -5.065  344.0  76.0  
16  22:45 106  03:41 46S 09:18 251  0.7  15  28  382328  3.395  -5.215  341.1  71.2  
17  23:19 99  04:28 52S 10:17 257  0.6  15  36  378429  1.966  -5.178  339.2  68.2  
18  23:53 92  05:15 58S 11:16 265  0.5  15  44  374546  0.435  -4.919  338.2  66.7  
19    06:01 65S 12:16 272  0.4  15  53  370853  -1.114  -4.403  338.2  66.9  
20  00:26 84  06:48 72S 13:17 280  0.3  16  2  367590  -2.590  -3.606  339.3  68.7  
21  01:02 77  07:38 79S 14:22 287  0.2  16  9  365044  -3.894  -2.528  341.5  72.5  
22  01:42 70  08:32 85S 15:29 293  0.1  16  15  363510  -4.929  -1.207  345.0  78.4  
23  02:28 64  09:31 89S 16:40 298  0.1  16  17  363243  -5.611  0.277  349.7  87.4  
24  03:22 60  10:34 88N 17:50 301  0.0  16  17  364398  -5.885  1.807  355.5  103.0  
25  04:23 58  11:40 87N 18:56 301  0.0  16  13  366986  -5.732  3.242  1.6  182.9  
26  05:29 59  12:43 88N 19:54 299  0.0  16  6  370856  -5.176  4.447  7.4  262.5  
27  06:37 62  13:43 89S 20:44 295  0.1  15  56  375715  -4.278  5.311  12.4  277.2  
28  07:42 67  14:37 84S 21:26 290  0.1  15  45  381167  -3.116  5.770  16.3  284.8  
29  08:43 73  15:26 79S 22:01 284  0.2  15  33  386769  -1.780  5.806  19.2  289.6  
30  09:41 79  16:10 73S 22:33 277  0.3  15  22  392092  -0.355  5.447  20.9  292.4 

七月
1  10:35 86  16:52 67S 23:03 271  0.37  15  13  396759  1.087  4.751  21.8  293.6  
2  11:27 92  17:32 61S 23:31 264  0.47  15  5  400479  2.481  3.797  21.8  293.5  
3  12:18 99  18:12 55S   0.57  14  59  403059  3.776  2.672  21.1  292.1  
4  13:09 105  18:53 50S 00:00 258  0.66  14  56  404408  4.924  1.467  19.5  289.4  
5  14:02 111  19:36 45S 00:31 252  0.75  14  56  404535  5.885  0.265  17.0  285.4  
6  14:57 115  20:21 41S 01:05 247  0.82  14  57  403532  6.622  -0.863  13.7  280.0  
7  15:53 119  21:10 38S 01:43 243  0.89  15  1  401561  7.099  -1.858  9.5  272.9  
8  16:49 121  22:03 36S 02:26 240  0.94  15  6  398832  7.288  -2.682  4.6  263.6  
9  17:45 122  22:57 36S 03:15 238  0.98  15  12  395578  7.167  -3.313  359.3  249.5  
10  18:37 121  23:52 37S 04:10 239  1.00  15  18  392034  6.727  -3.749  354.0  207.9  
11  19:25 118    05:09 240  0.99  15  24  388407  5.975  -3.999  349.1  107.3  
12  20:07 113  00:46 40S 06:10 244  0.97  15  31  384867  4.937  -4.082  344.9  84.1  
13  20:46 107  01:37 44S 07:11 249  0.92  15  37  381531  3.658  -4.014  341.7  74.9  
14  21:21 101  02:26 50S 08:12 256  0.85  15  42  378469  2.201  -3.810  339.5  69.8  
15  21:55 94  03:13 56S 09:11 263  0.77  15  47  375715  0.645  -3.471  338.3  67.2  
16  22:28 86  03:59 63S 10:11 270  0.67  15  51  373292  -0.924  -2.995  338.1  66.4  
17  23:03 79  04:46 70S 11:11 278  0.56  15  55  371231  -2.411  -2.371  338.9  67.4  
18  23:40 72  05:34 77S 12:13 285  0.45  15  59  369596  -3.725  -1.594  340.8  70.0  
19    06:26 83S 13:18 292  0.33  16  1  368489  -4.780  -0.673  343.9  74.4  
20  00:23 66  07:21 88S 14:25 297  0.23  16  3  368044  -5.502  0.363  348.2  80.4  
21  01:12 61  08:21 88N 15:34 300  0.14  16  3  368406  -5.841  1.462  353.6  87.9  
22  02:08 59  09:24 87N 16:40 302  0.07  16  1  369693  -5.771  2.546  359.5  96.9  
23  03:11 58  10:27 87N 17:41 301  0.02  15  57  371960  -5.303  3.523  5.3  108.2  
24  04:18 61  11:28 89N 18:34 297  0.00  15  51  375169  -4.478  4.302  10.6  137.9  
25  05:24 65  12:24 87S 19:19 293  0.01  15  43  379173  -3.362  4.807  14.9  269.9  
26  06:27 70  13:16 81S 19:57 287  0.03  15  34  383723  -2.040  4.990  18.2  285.8  
27  07:27 76  14:02 76S 20:31 280  0.08  15  24  388500  -0.599  4.832  20.3  291.4  
28  08:23 83  14:45 69S 21:02 274  0.14  15  15  393146  0.879  4.350  21.6  294.0  
29  09:17 90  15:27 63S 21:31 267  0.22  15  7  397307  2.323  3.584  21.9  294.8  
30  10:09 97  16:07 57S 22:00 260  0.31  15  1  400667  3.671  2.595  21.5  294.1  
31  11:01 103  16:48 52S 22:30 254  0.40  14  56  402979  4.874  1.458  20.2  292.2 

八月
1  11:53 109  17:30 46S 23:02 249  0.50  14  55  404078  5.891  0.255  18.1  289.1  
2  12:47 114  18:15 42S 23:38 244  0.59  14  56  403898  6.686  -0.935  15.1  284.9  
3  13:42 118  19:02 39S   0.68  14  59  402468  7.227  -2.032  11.2  279.4  
4  14:39 121  19:53 36S 00:19 241  0.77  15  5  399914  7.487  -2.970  6.5  272.9  
5  15:35 122  20:47 36S 01:06 239  0.85  15  12  396446  7.440  -3.694  1.3  265.4  
6  16:28 121  21:41 36S 01:58 238  0.91  15  21  392341  7.072  -4.167  355.9  257.2  
7  17:18 119  22:36 39S 02:56 239  0.96  15  31  387915  6.379  -4.372  350.8  247.7  
8  18:03 115  23:29 43S 03:57 242  0.99  15  40  383497  5.375  -4.312  346.3  231.9  
9  18:44 110    04:59 247  1.00  15  49  379392  4.098  -4.009  342.7  121.7  
10  19:21 103  00:20 48S 06:01 253  0.98  15  56  375847  2.609  -3.498  340.1  76.3  
11  19:55 96  01:09 54S 07:03 260  0.94  16  1  373030  0.993  -2.820  338.6  68.7  
12  20:29 88  01:56 61S 08:03 268  0.88  16  4  371016  -0.651  -2.017  338.1  66.1  
13  21:04 81  02:43 68S 09:04 275  0.79  16  5  369797  -2.217  -1.130  338.6  66.1  
14  21:41 74  03:32 75S 10:07 283  0.69  16  4  369308  -3.603  -0.195  340.3  68.1  
15  22:21 67  04:22 81S 11:11 290  0.58  16  2  369454  -4.720  0.755  343.2  71.7  
16  23:08 62  05:16 87S 12:18 296  0.47  15  59  370149  -5.500  1.687  347.2  77.0  
17    06:14 89N 13:25 300  0.35  15  56  371332  -5.898  2.568  352.3  83.4  
18  00:01 59  07:15 87N 14:31 302  0.25  15  51  372979  -5.896  3.359  358.0  90.7  
19  01:01 58  08:17 87N 15:32 301  0.16  15  46  375094  -5.504  4.020  3.8  98.1  
20  02:05 59  09:18 88N 16:27 299  0.09  15  40  377687  -4.757  4.509  9.1  105.2  
21  03:10 63  10:15 88S 17:14 295  0.04  15  33  380748  -3.709  4.791  13.7  111.6  
22  04:14 68  11:07 84S 17:54 289  0.01  15  26  384224  -2.434  4.835  17.2  118.7  
23  05:14 74  11:55 78S 18:29 283  0.00  15  19  388000  -1.012  4.626  19.7  276.4  
24  06:11 80  12:39 72S 19:01 276  0.02  15  11  391898  0.476  4.163  21.2  294.8  
25  07:06 87  13:21 66S 19:30 270  0.05  15  4  395687  1.954  3.460  21.9  296.9  
26  07:59 94  14:02 60S 20:00 263  0.10  14  58  399103  3.353  2.545  21.7  296.8  
27  08:51 100  14:43 54S 20:29 257  0.17  14  53  401874  4.617  1.464  20.8  295.4  
28  09:44 106  15:25 48S 21:01 251  0.25  14  51  403752  5.701  0.271  19.0  292.7  
29  10:37 112  16:08 44S 21:35 246  0.33  14  50  404534  6.567  -0.971  16.3  289.0  
30  11:32 116  16:54 40S 22:14 242  0.43  14  52  404089  7.186  -2.191  12.7  284.2  
31  12:28 120  17:44 37S 22:57 239  0.52  14  57  402371  7.531  -3.316  8.4  278.4 

九月
1  13:23 122  18:36 36S 23:47 238  0.62  15  5  399430  7.581  -4.275  3.4  271.9  
2  14:17 122  19:29 36S   0.71  15  15  395422  7.319  -5.001  358.1  265.0  
3  15:08 120  20:23 37S 00:42 239  0.80  15  27  390598  6.736  -5.437  352.8  258.1  
4  15:55 117  21:17 41S 01:41 241  0.88  15  40  385298  5.835  -5.543  348.0  251.8  
5  16:38 112  22:09 45S 02:43 245  0.94  15  53  379922  4.635  -5.297  344.0  246.1  
6  17:16 106  22:59 51S 03:45 250  0.98  16  5  374893  3.183  -4.706  341.0  240.6  
7  17:52 99  23:48 58S 04:47 257  1.00  16  15  370607  1.552  -3.801  339.0  222.6  
8  18:27 92    05:49 264  0.99  16  21  367385  -0.157  -2.639  338.1  66.7  
9  19:02 84  00:36 65S 06:52 272  0.96  16  24  365424  -1.827  -1.300  338.3  64.1  
10  19:39 76  01:25 72S 07:55 280  0.90  16  24  364777  -3.335  0.123  339.7  65.4  
11  20:20 69  02:16 79S 09:01 288  0.81  16  20  365359  -4.573  1.533  342.3  68.7  
12  21:05 64  03:11 85S 10:08 294  0.71  16  13  366977  -5.457  2.842  346.2  73.7  
13  21:57 60  04:08 90S 11:17 299  0.60  16  4  369387  -5.942  3.974  351.1  80.0  
14  22:55 58  05:09 87N 12:25 301  0.49  15  55  372335  -6.014  4.876  356.8  87.0  
15  23:58 59  06:11 86N 13:27 302  0.38  15  45  375606  -5.690  5.516  2.6  94.2  
16    07:12 87N 14:23 300  0.28  15  36  379038  -5.010  5.882  8.0  100.8  
17  01:02 61  08:09 90S 15:12 296  0.19  15  27  382529  -4.030  5.976  12.7  106.2  
18  02:05 66  09:02 85S 15:53 291  0.11  15  18  386021  -2.818  5.813  16.4  110.3  
19  03:06 71  09:51 80S 16:29 285  0.06  15  10  389476  -1.447  5.411  19.1  112.6  
20  04:03 78  10:35 74S 17:01 279  0.02  15  3  392856  0.010  4.794  20.9  112.1  
21  04:58 84  11:18 68S 17:31 272  0.00  14  57  396096  1.478  3.985  21.8  97.0  
22  05:51 91  11:59 62S 18:00 266  0.00  14  52  399097  2.892  3.011  21.9  311.5  
23  06:43 98  12:39 56S 18:30 259  0.03  14  47  401720  4.189  1.901  21.2  302.6  
24  07:35 104  13:20 50S 19:01 253  0.07  14  44  403792  5.321  0.687  19.6  298.3  
25  08:29 110  14:03 45S 19:34 248  0.12  14  43  405128  6.245  -0.595  17.3  294.0  
26  09:23 115  14:49 41S 20:11 243  0.19  14  44  405543  6.929  -1.899  14.0  289.0  
27  10:18 119  15:36 38S 20:52 240  0.27  14  47  404884  7.349  -3.174  10.0  283.4  
28  11:14 121  16:27 36S 21:39 238  0.35  14  53  403049  7.484  -4.362  5.2  277.1  
29  12:08 122  17:19 36S 22:31 238  0.45  15  2  400011  7.323  -5.396  0.1  270.4  
30  12:59 121  18:12 37S 23:27 240  0.55  15  13  395835  6.858  -6.208  354.9  263.7 

十月
1  13:47 119  19:05 39S   0.65  15  27  390694  6.088  -6.728  350.0  257.6  
2  14:30 115  19:56 43S 00:26 243  0.74  15  42  384871  5.023  -6.891  345.7  252.3  
3  15:10 109  20:46 48S 01:27 247  0.83  15  58  378752  3.691  -6.647  342.3  248.3  
4  15:46 103  21:35 54S 02:28 253  0.91  16  14  372802  2.142  -5.967  339.8  245.8  
5  16:22 95  22:23 61S 03:30 261  0.96  16  27  367520  0.457  -4.855  338.4  245.7  
6  16:57 88  23:13 69S 04:32 268  0.99  16  37  363377  -1.257  -3.360  338.1  252.1  
7  17:33 80    05:36 276  1.00  16  43  360742  -2.870  -1.575  339.0  46.6  
8  18:13 72  00:04 76S 06:42 284  0.97  16  43  359820  -4.249  0.366  341.2  61.4  
9  18:58 66  00:58 82S 07:51 291  0.92  16  38  360618  -5.284  2.303  344.8  68.2  
10  19:49 61  01:57 88S 09:02 297  0.84  16  28  362953  -5.900  4.080  349.6  75.2  
11  20:47 59  02:59 88N 10:13 301  0.74  16  15  366501  -6.074  5.565  355.3  82.9  
12  21:50 58  04:03 87N 11:19 302  0.64  16  1  370869  -5.824  6.668  1.3  90.5  
13  22:55 60  05:06 87N 12:19 301  0.53  15  46  375661  -5.198  7.348  6.9  97.6  
14  23:59 64  06:05 89N 13:10 297  0.42  15  32  380536  -4.266  7.608  11.8  103.5  
15    06:59 87S 13:54 293  0.32  15  19  385234  -3.100  7.483  15.7  108.0  
16  01:00 70  07:49 82S 14:31 287  0.23  15  8  389586  -1.776  7.024  18.6  111.0  
17  01:58 76  08:34 76S 15:04 281  0.15  14  59  393497  -0.364  6.292  20.6  112.3  
18  02:53 82  09:17 70S 15:34 274  0.08  14  51  396929  1.067  5.346  21.7  111.9  
19  03:46 89  09:57 64S 16:03 268  0.04  14  45  399872  2.456  4.239  22.0  108.8  
20  04:38 96  10:37 58S 16:32 261  0.01  14  41  402322  3.746  3.017  21.5  98.8  
21  05:29 102  11:18 52S 17:02 255  0.00  14  38  404257  4.886  1.717  20.2  31.8  
22  06:22 108  12:00 47S 17:34 250  0.01  14  36  405628  5.832  0.371  18.0  312.8  
23  07:16 113  12:45 43S 18:10 245  0.04  14  37  406354  6.550  -0.994  15.0  298.8  
24  08:11 117  13:32 39S 18:50 241  0.08  14  39  406333  7.012  -2.349  11.2  290.3  
25  09:06 120  14:21 37S 19:34 239  0.13  14  43  405449  7.199  -3.662  6.7  282.8  
26  10:01 122  15:12 36S 20:24 238  0.21  14  49  403597  7.101  -4.892  1.7  275.5  
27  10:52 122  16:05 36S 21:18 239  0.29  14  58  400707  6.713  -5.991  356.6  268.5  
28  11:40 120  16:56 38S 22:15 241  0.38  15  9  396767  6.040  -6.898  351.7  262.0  
29  12:24 116  17:47 41S 23:14 245  0.48  15  23  391848  5.091  -7.544  347.3  256.3  
30  13:04 112  18:36 46S   0.58  15  39  386127  3.890  -7.855  343.6  251.8  
31  13:41 106  19:24 51S 00:13 251  0.68  15  56  379892  2.473  -7.759  340.8  248.5 

十一月
1  14:16 99  20:11 58S 01:12 257  0.78  16  13  373545  0.896  -7.194  338.9  246.8  
2  14:50 92  20:58 65S 02:12 264  0.87  16  30  367577  -0.759  -6.130  338.1  247.1  
3  15:25 84  21:48 72S 03:14 272  0.94  16  44  362521  -2.382  -4.578  338.4  250.2  
4  16:03 76  22:40 79S 04:18 280  0.98  16  53  358876  -3.845  -2.612  339.9  259.7  
5  16:45 69  23:38 85S 05:26 288  1.00  16  56  357023  -5.017  -0.372  342.9  339.9  
6  17:35 63    06:37 294  0.98  16  52  357151  -5.791  1.950  347.3  60.3  
7  18:31 60  00:40 90 07:50 299  0.94  16  43  359212  -6.107  4.142  352.9  74.5  
8  19:35 58  01:45 87N 09:02 301  0.87  16  29  362941  -5.959  6.013  359.2  84.7  
9  20:42 60  02:52 87N 10:07 301  0.78  16  12  367913  -5.393  7.423  5.3  93.3  
10  21:49 63  03:55 88N 11:04 299  0.68  15  54  373631  -4.488  8.304  10.6  100.4  
11  22:53 68  04:53 88S 11:51 294  0.57  15  36  379604  -3.333  8.651  14.9  105.8  
12  23:53 74  05:45 83S 12:31 289  0.47  15  20  385413  -2.016  8.510  18.1  109.6  
13    06:32 78S 13:06 283  0.37  15  5  390739  -0.616  7.954  20.2  111.9  
14  00:49 80  07:16 72S 13:37 276  0.28  14  54  395371  0.796  7.068  21.5  112.7  
15  01:42 87  07:57 66S 14:06 270  0.19  14  45  399201  2.162  5.939  22.0  112.2  
16  02:34 94  08:37 60S 14:35 263  0.13  14  38  402201  3.430  4.646  21.6  110.0  
17  03:25 100  09:17 54S 15:04 257  0.07  14  34  404393  4.554  3.255  20.5  105.8  
18  04:17 106  09:59 49S 15:36 251  0.03  14  31  405830  5.494  1.821  18.6  98.0  
19  05:11 111  10:42 44S 16:10 246  0.01  14  31  406568  6.214  0.383  15.8  78.8  
20  06:05 116  11:29 40S 16:49 243  0.00  14  33  406644  6.686  -1.029  12.2  353.9  
21  07:00 119  12:17 38S 17:32 240  0.01  14  36  406071  6.891  -2.392  7.9  300.6  
22  07:55 121  13:08 36S 18:20 238  0.04  14  41  404832  6.816  -3.687  3.1  284.8  
23  08:48 122  14:00 36S 19:13 239  0.09  14  47  402885  6.458  -4.890  358.0  274.7  
24  09:37 120  14:52 37S 20:09 241  0.15  14  56  400182  5.823  -5.972  353.0  266.6  
25  10:22 117  15:42 40S 21:06 244  0.23  15  7  396685  4.929  -6.890  348.5  259.9  
26  11:02 113  16:31 44S 22:04 249  0.32  15  19  392397  3.800  -7.590  344.7  254.6  
27  11:39 108  17:18 49S 23:02 255  0.41  15  34  387387  2.471  -8.006  341.7  250.6  
28  12:13 102  18:03 55S 23:59 262  0.52  15  50  381813  0.993  -8.065  339.5  248.0  
29  12:46 95  18:48 62S   0.63  16  7  375940  -0.569  -7.694  338.3  246.9  
30  13:19 87  19:35 69S 00:57 269  0.73  16  24  370138  -2.131  -6.839  338.1  247.5 

十二月
1  13:54 80  20:24 76S 01:58 276  0.83  16  39  364868  -3.589  -5.479  339.0  250.1  
2  14:33 73  21:18 82S 03:01 284  0.91  16  51  360626  -4.824  -3.650  341.2  255.5  
3  15:18 66  22:16 88S 04:09 291  0.97  16  57  357877  -5.721  -1.460  344.9  265.8  
4  16:11 62  23:21 89N 05:21 297  1.00  16  57  356964  -6.186  0.916  350.0  297.7  
5  17:12 59    06:35 300  0.99  16  51  358034  -6.177  3.258  356.2  57.5  
6  18:19 59  00:28 87N 07:45 301  0.96  16  38  361000  -5.707  5.346  2.6  83.0  
7  19:29 61  01:35 88N 08:48 300  0.90  16  22  365558  -4.842  7.002  8.6  94.5  
8  20:37 66  02:38 90S 09:41 296  0.82  16  3  371247  -3.680  8.117  13.4  102.3  
9  21:41 72  03:35 85S 10:26 291  0.73  15  44  377535  -2.328  8.661  17.1  107.6  
10  22:40 78  04:26 80S 11:04 285  0.63  15  25  383899  -0.885  8.659  19.7  111.0  
11  23:36 85  05:12 74S 11:37 278  0.53  15  9  389890  0.567  8.182  21.3  112.8  
12    05:55 68S 12:08 272  0.44  14  55  395161  1.960  7.321  21.9  113.2  
13  00:29 92  06:36 62S 12:37 265  0.34  14  44  399486  3.242  6.172  21.8  112.3  
14  01:21 98  07:16 56S 13:06 259  0.26  14  36  402747  4.370  4.829  20.9  110.2  
15  02:13 104  07:57 50S 13:37 253  0.18  14  31  404926  5.310  3.377  19.2  106.7  
16  03:05 110  08:40 45S 14:11 248  0.11  14  29  406075  6.030  1.886  16.6  101.7  
17  04:00 115  09:25 41S 14:48 244  0.06  14  30  406298  6.506  0.413  13.2  94.5  
18  04:55 118  10:13 38S 15:29 240  0.03  14  32  405720  6.717  -1.001  9.0  83.5  
19  05:50 121  11:04 36S 16:16 239  0.01  14  36  404468  6.650  -2.327  4.3  58.0  
20  06:44 122  11:56 36S 17:08 239  0.00  14  42  402649  6.301  -3.545  359.2  318.8  
21  07:34 121  12:48 37S 18:04 240  0.02  14  50  400339  5.674  -4.641  354.2  279.0  
22  08:20 118  13:39 39S 19:01 243  0.05  14  58  397581  4.787  -5.597  349.6  265.8  
23  09:02 114  14:29 43S 19:59 248  0.11  15  9  394389  3.669  -6.391  345.6  257.9  
24  09:40 109  15:16 48S 20:57 253  0.17  15  20  390767  2.360  -6.990  342.4  252.5  
25  10:14 103  16:01 54S 21:53 260  0.26  15  33  386732  0.912  -7.351  340.0  248.9  
26  10:47 97  16:45 60S 22:50 267  0.36  15  46  382335  -0.610  -7.419  338.5  246.9  
27  11:19 90  17:30 66S 23:47 274  0.46  16  1  377697  -2.131  -7.138  338.0  246.4  
28  11:52 83  18:16 73S   0.58  16  15  373017  -3.563  -6.457  338.5  247.6  
29  12:27 75  19:05 80S 00:47 281  0.69  16  29  368586  -4.808  -5.350  340.1  250.6  
30  13:08 69  20:00 85S 01:51 288  0.79  16  40  364763  -5.765  -3.828  343.1  255.5  
31  13:55 64  20:59 90S 02:58 294  0.88  16  47  361943  -6.343  -1.961  347.5  262.8 
